# 2011 381 0
# 2012 365 1
# 2013 409 2
# 2014 390 3
# 2015 435 4
# 2016 386 5
# 2017 467 6
# 2018 503 7
# 2019 539 8
# 2020 463 9
# 2021 203 10
0 0 1
1 0 2
2 0 3
3 0 5
4 0 7
5 0 11
6 0 16
7 0 8
8 0 12
9 0 12
10 0 8
10 1 1
3 2 1
7 3 1
4 4 2
1 5 1
2 6 2
7 7 1
1 8 1
3 8 1
4 8 2
7 9 2
3 10 1
1 11 2
0 12 1
5 13 1
6 14 1
8 14 2
9 14 1
2 15 1
5 16 1
6 17 3
9 17 3
5 18 1
6 19 2
7 19 3
1 20 2
4 20 4
5 20 2
6 21 1
3 22 2
8 23 3
6 24 1
1 25 2
2 25 1
4 25 2
5 25 1
7 25 1
9 25 1
10 25 1
5 26 1
8 26 2
2 27 1
5 28 1
3 29 1
10 30 1
1 31 1
6 32 2
1 33 2
5 34 1
3 35 1
5 36 1
4 37 1
2 38 1
5 38 1
3 39 1
7 39 1
1 40 1
0 41 1
4 41 1
0 42 1
1 42 1
2 42 1
8 43 1
3 44 1
1 45 1
2 45 2
8 45 1
3 46 1
0 47 1
0 48 5
1 48 9
2 48 10
3 48 7
4 48 16
5 48 16
6 48 10
7 48 27
8 48 14
9 48 13
10 48 16
5 49 1
0 50 4
7 50 2
3 51 2
0 52 5
1 52 6
2 52 3
3 52 4
4 52 6
5 52 5
6 52 3
7 52 4
8 52 3
9 52 7
10 52 3
0 53 2
10 54 1
1 55 1
2 55 1
9 56 2
0 57 1
1 57 1
7 57 1
5 58 1
5 59 1
1 60 1
10 61 2
3 62 1
6 63 1
8 64 1
4 65 1
10 66 1
2 67 1
8 68 1
5 69 1
4 70 2
8 70 2
0 71 5
1 71 4
2 71 2
3 71 2
4 71 2
2 72 1
2 73 1
7 73 1
3 74 1
9 74 2
9 75 2
6 76 1
7 76 1
6 77 1
8 77 1
9 77 1
7 78 1
10 78 1
8 79 1
4 80 1
8 80 1
2 81 1
3 82 1
2 83 2
0 84 1
0 85 4
1 85 5
2 85 4
3 85 3
4 85 3
5 85 5
6 85 3
7 85 2
8 85 3
9 85 5
3 86 1
2 87 1
3 87 1
4 87 4
5 87 6
6 87 6
7 87 12
8 87 8
9 87 6
10 87 2
9 88 1
4 89 1
10 90 1
2 91 5
3 91 4
4 91 5
5 92 1
5 93 1
8 94 1
0 95 1
2 95 1
4 95 1
4 96 1
3 97 3
1 98 1
2 99 1
1 100 1
6 100 1
8 100 1
9 100 1
7 101 1
9 102 2
1 103 3
2 103 3
6 103 2
9 103 2
0 104 14
1 104 14
2 104 14
3 104 10
4 104 12
5 104 8
6 104 12
7 104 18
8 104 19
9 104 14
10 104 7
9 105 2
3 106 2
0 107 1
10 107 1
8 108 1
5 109 2
8 109 3
9 109 2
9 110 1
4 111 1
2 112 1
3 113 8
4 113 4
5 113 3
7 113 4
8 113 6
9 113 4
10 113 2
10 114 2
6 115 1
2 116 1
5 117 1
4 118 1
8 118 1
7 119 1
0 120 54
1 120 52
2 120 55
3 120 60
4 120 70
5 120 63
6 120 69
7 120 48
8 120 82
9 120 70
10 120 25
0 121 6
1 121 2
2 121 1
5 121 1
9 122 1
6 123 4
7 123 2
8 123 7
9 123 6
10 123 4
0 124 2
1 124 3
2 124 2
3 124 4
4 124 2
6 124 2
8 124 4
9 124 3
10 124 2
0 125 1
5 125 1
8 125 2
9 125 1
0 126 4
1 126 2
2 126 3
6 126 2
0 127 1
1 128 1
5 129 1
2 130 1
4 131 2
3 132 1
7 133 1
0 134 3
1 134 4
2 134 2
0 135 1
1 135 1
2 135 1
4 135 2
5 135 1
7 135 1
9 135 1
10 135 1
10 136 1
4 137 2
3 138 1
4 138 1
5 138 1
6 138 1
1 139 2
4 140 2
0 141 2
9 141 2
3 142 1
5 142 1
0 143 2
1 143 1
3 143 1
4 143 2
5 143 1
6 143 3
7 143 3
8 143 1
1 144 1
2 145 3
6 145 2
9 146 1
5 147 1
8 147 1
5 148 1
7 148 2
7 149 1
8 150 2
5 151 1
6 152 5
7 152 3
8 152 3
9 152 2
3 153 1
1 154 1
6 155 1
4 156 2
5 156 3
6 156 4
7 156 5
8 156 7
9 156 9
10 156 2
0 157 3
6 157 2
8 157 2
6 158 2
7 159 2
4 160 1
2 161 2
3 161 4
6 161 2
7 161 2
8 161 2
0 162 1
1 163 1
5 164 1
9 165 1
10 166 1
3 167 1
4 167 1
2 168 1
10 169 1
6 170 3
7 170 5
8 170 3
9 170 2
10 170 2
9 171 1
0 172 1
7 173 7
8 173 8
9 173 2
1 174 1
2 174 1
4 174 1
6 174 6
7 174 2
8 174 2
9 174 2
4 175 2
6 175 1
7 175 5
8 175 1
9 175 1
10 175 1
5 176 1
0 177 2
1 177 2
2 177 2
3 178 2
10 179 1
0 180 3
1 180 3
2 180 3
3 180 7
4 180 6
5 180 13
6 180 23
7 180 16
8 180 16
9 180 11
10 180 9
1 181 1
8 182 2
8 183 3
3 184 2
4 184 2
7 184 2
9 184 3
6 185 1
10 185 1
9 186 1
5 187 1
6 188 1
2 189 1
5 190 3
5 191 1
7 191 1
6 192 2
1 193 1
2 193 1
4 193 1
8 193 1
7 194 1
4 195 1
5 196 2
0 197 2
1 197 2
3 197 1
4 197 3
6 197 1
8 197 1
9 197 2
10 197 2
5 198 1
6 198 1
8 198 1
6 199 1
2 200 1
4 200 1
9 200 1
1 201 1
3 201 2
4 201 5
5 201 9
6 201 6
7 201 7
8 201 13
9 201 5
10 201 1
0 202 5
1 202 4
2 202 15
3 202 8
4 202 9
5 202 6
6 202 6
7 202 6
8 202 4
9 202 7
3 203 2
4 203 1
7 203 2
3 204 1
6 204 1
7 204 1
8 204 2
9 204 2
10 204 1
0 205 4
1 205 2
2 205 1
3 205 4
4 205 1
6 205 4
7 205 2
8 205 2
9 205 2
10 205 1
0 206 1
2 206 1
4 206 1
1 207 2
2 208 2
3 208 2
0 209 1
4 209 1
8 209 1
9 210 1
0 211 1
4 211 2
6 211 1
10 211 1
7 212 1
1 213 1
4 213 2
5 213 1
6 213 2
8 213 4
9 213 1
0 214 1
1 215 2
9 216 2
8 217 1
10 217 1
3 218 2
8 219 1
10 220 1
7 221 3
4 222 1
6 223 1
2 224 1
3 225 1
7 225 1
8 225 2
3 226 1
7 226 1
8 227 3
6 228 1
7 228 1
8 228 2
9 228 1
1 229 2
3 229 2
4 229 2
5 229 3
7 229 2
8 229 4
9 229 4
10 230 2
0 231 1
6 231 1
7 231 2
8 231 1
0 232 1
2 232 2
4 232 1
8 232 2
9 233 2
10 234 1
1 235 2
0 236 2
2 237 1
0 238 1
0 239 2
1 239 2
2 240 1
4 241 1
8 241 1
6 242 2
5 243 1
0 244 2
5 244 3
10 245 1
1 246 2
0 247 86
1 247 81
2 247 83
3 247 62
4 247 75
5 247 51
6 247 75
7 247 65
8 247 70
9 247 49
10 247 26
6 248 1
6 249 1
9 250 1
5 251 1
9 252 4
10 253 1
4 254 1
7 255 1
2 256 1
6 257 1
0 258 3
2 258 1
4 258 1
6 258 1
8 258 1
2 259 2
9 260 1
0 261 3
1 261 2
2 261 3
3 261 2
4 261 7
6 261 2
8 261 4
2 262 2
3 262 2
9 263 2
0 264 4
1 264 2
2 264 6
3 264 4
4 264 4
5 264 3
6 264 3
7 264 4
9 264 3
8 265 1
9 265 1
4 266 1
6 266 1
8 266 1
9 266 1
0 267 2
1 267 3
2 267 3
3 267 4
4 267 3
5 267 1
6 267 2
7 267 2
8 267 1
9 267 1
3 268 1
8 269 2
1 270 2
5 271 1
2 272 1
5 273 1
5 274 1
9 275 1
1 276 1
1 277 1
1 278 4
2 278 2
3 278 3
4 278 2
7 278 3
8 278 2
9 278 4
2 279 1
5 279 2
6 279 2
7 279 5
0 280 1
1 280 2
0 281 1
5 282 1
7 283 1
5 284 2
9 285 1
3 286 1
7 287 1
9 287 1
4 288 2
4 289 1
8 290 2
3 291 1
4 292 1
0 293 1
4 294 2
7 295 2
9 296 2
4 297 1
5 297 1
7 297 3
8 297 1
2 298 1
5 299 2
6 299 1
9 300 1
5 301 1
0 302 5
2 302 6
3 302 4
4 302 2
10 302 2
0 303 1
7 304 1
6 305 1
5 306 2
7 306 2
8 306 4
1 307 1
9 308 1
4 309 1
5 310 1
6 311 1
0 312 1
8 313 1
1 314 1
1 315 1
2 316 1
0 317 1
8 318 3
0 319 1
2 320 1
8 320 1
9 321 1
4 322 1
5 322 1
6 322 1
6 323 1
5 324 2
1 325 1
2 326 1
5 326 1
6 326 1
8 326 1
9 326 2
3 327 1
6 327 2
7 327 1
4 328 1
1 329 1
2 329 1
4 330 1
7 330 1
0 331 26
1 331 32
2 331 34
3 331 44
4 331 44
5 331 60
6 331 57
7 331 78
8 331 66
9 331 57
10 331 22
4 332 1
9 333 2
3 334 1
8 335 1
2 336 1
10 336 1
3 337 1
7 338 1
4 339 1
8 340 1
10 341 1
2 342 1
6 343 1
6 344 2
7 344 2
3 345 1
4 345 1
10 345 1
7 346 1
1 347 1
8 348 1
9 349 1
9 350 2
9 351 1
2 352 2
3 352 2
9 352 3
10 353 1
2 354 1
9 355 2
3 356 1
10 357 1
7 358 1
8 358 1
1 359 1
3 360 1
4 360 1
4 361 2
0 362 2
8 363 1
1 364 1
8 365 1
0 366 1
1 366 1
2 366 2
3 366 1
4 366 4
7 366 1
8 366 1
10 366 1
5 367 1
5 368 1
6 369 2
2 370 2
4 371 2
0 372 1
0 373 2
8 373 1
3 374 1
7 374 2
8 374 4
9 374 1
10 374 1
7 375 1
6 376 2
9 376 2
2 377 1
7 378 1
5 379 2
6 380 1
5 381 1
6 382 1
1 383 1
7 384 2
8 385 2
0 386 3
1 386 1
2 386 8
3 386 3
4 386 1
5 386 4
6 386 2
7 386 2
8 386 2
9 386 1
6 387 1
3 388 1
9 389 3
1 390 1
6 391 1
2 392 1
1 393 1
5 394 1
0 395 1
1 396 1
6 397 1
10 398 1
0 399 1
4 400 2
7 400 3
6 401 1
10 402 1
8 403 2
0 404 1
2 404 2
3 404 1
5 404 2
9 404 1
1 405 2
6 406 2
3 407 1
7 408 1
0 409 1
4 410 2
9 411 1
0 412 1
5 413 1
9 414 1
1 415 2
8 416 1
7 417 1
1 418 2
2 418 3
3 418 1
4 418 2
5 418 3
6 418 1
7 418 1
8 418 2
9 418 1
10 418 2
2 419 3
3 419 3
8 419 3
9 419 5
6 420 3
9 421 3
0 422 2
1 422 3
1 423 1
6 424 1
0 425 2
5 426 1
5 427 1
4 428 1
3 429 1
1 430 3
3 430 3
8 431 1
0 432 7
1 432 10
2 432 5
3 432 5
5 432 2
6 432 3
7 432 4
8 432 3
9 432 3
0 433 17
1 433 12
2 433 11
3 433 13
4 433 9
5 433 5
6 433 7
7 433 8
8 433 8
9 433 9
10 433 2
10 434 1
6 435 1
3 436 1
0 437 3
1 437 2
7 438 1
7 439 2
3 440 1
8 441 1
9 442 2
0 443 2
8 444 2
0 445 1
4 445 1
7 445 1
7 446 1
9 447 4
1 448 1
0 449 1
7 450 3
2 451 1
10 451 1
6 452 2
7 452 1
0 453 3
2 453 7
3 453 4
4 453 2
5 453 2
6 453 4
7 453 2
8 453 2
9 453 2
10 453 2
7 454 1
7 455 2
9 456 1
7 457 1
8 458 1
0 459 1
1 459 1
2 459 2
4 459 5
5 459 2
7 459 4
9 460 2
1 461 1
2 461 1
6 461 2
8 462 1
4 463 1
7 464 2
9 464 2
10 465 1
4 466 2
7 466 2
8 466 2
10 467 2
8 468 3
4 469 2
10 470 1
1 471 1
8 472 2
1 473 1
5 474 1
4 475 2
10 475 2
0 476 2
6 476 1
0 477 1
2 477 1
1 478 2
0 479 3
2 479 3
3 479 3
6 479 2
7 479 2
9 479 3
3 480 2
0 481 2
2 481 1
3 481 1
0 482 1
8 483 1
2 484 4
3 484 2
9 484 2
10 485 1
0 486 1
2 487 1
1 488 2
6 488 2
7 488 4
8 488 4
9 488 6
10 488 3
0 489 2
2 489 2
4 489 2
6 489 2
7 489 2
9 489 3
1 490 1
3 490 1
6 490 1
2 491 1
4 492 1
5 493 3
6 493 2
7 493 4
8 493 6
10 494 1
0 495 3
3 495 2
4 495 2
5 495 3
6 495 2
7 495 4
8 495 2
0 496 1
2 496 1
3 496 2
6 496 3
8 496 2
9 496 2
8 497 3
0 498 3
4 498 1
5 498 1
3 499 2
6 499 3
0 500 4
1 500 5
2 500 9
3 500 5
4 500 8
5 500 5
6 500 5
7 500 5
8 500 4
9 500 2
10 500 2
0 501 2
8 502 1
6 503 1
4 504 2
8 504 2
5 505 1
0 506 1
0 507 1
9 508 2
9 509 1
2 510 4
3 510 2
4 510 5
5 510 2
7 510 4
8 510 2
5 511 1
0 512 1
7 512 1
0 513 2
1 513 3
2 513 3
3 513 7
4 513 2
5 513 3
6 513 5
7 513 7
8 513 8
9 513 6
10 513 1
10 514 1
0 515 1
1 515 1
2 515 2
3 515 1
4 515 2
6 515 1
7 515 3
8 515 3
9 515 4
10 515 1
5 516 1
5 517 1
6 518 2
3 519 1
2 520 1
6 520 1
6 521 2
6 522 2
8 523 2
5 524 1
7 525 2
2 526 1
4 527 2
7 528 1
5 529 2
1 530 1
3 531 2
3 532 1
7 532 1
10 533 2
0 534 1
2 534 1
3 534 1
4 534 1
6 534 2
7 534 2
8 534 1
9 534 3
10 534 1
6 535 2
5 536 1
0 537 1
3 537 2
7 537 2
7 538 1
8 538 1
9 539 3
10 539 2
0 540 1
1 541 1
2 541 1
7 541 2
8 541 4
9 541 3
10 541 1
3 542 1
4 543 1
7 544 1
